0
0
2
6
7
11
16
21
27
31
32
32
34
36
36
36
36
36
36
37
37
37
37
37
37
38
38
38
38
38
38
38
38
38
38
38
38
38
38
38
38
38
38
38
38
38
36
29
20
12
9
1
1
0
0
0
0
0
0
0
0
0
0
0
0
0
0
0
1
3
9
12
19
21
24
28
31
32
33
34
34
35
35
35
35
36
36
36
36
36
36
29
17
13
7
2
0
0
0
0
0
1
1
3
5
6
6
7
7
8
9
9
10
11
11
11
10
9
8
6
4
3
3
3
4
5
7
8
11
14
17
17
17
17
17
17
15
12
11
11
11
11
10
10
6
4
2
2
2
5
5
11
15
18
19
19
19
19
19
19
20
22
23
24
23
22
20
17
14
11
10
9
10
13
18
25
30
30
31
33
34
34
34
34
34
34
35
37
36
36
36
31
21
10
7
8
8
10
11
10
8
6
6
7
9
10
11
13
15
16
18
18
18
18
17
13
10
7
6
6
8
14
18
22
26
26
26
26
26
24
22
17
13
11
10
10
11
12
16
18
21
24
29
31
31
32
32
32
32
31
31
26
20
16
11
7
4
2
2
2
5
13
19
21
27
28
29
30
31
32
33
31
27
16
9
6
2
0
0
0
0
0
0
0
0
0
0
0
0
0
0
0
0
0
0
0
0
0
0
0
